 580
 864
 865
 866
 867
 868
 869
 908
 911
 957
 958
 1013
 1014
 1055
 1056
 1057 
 1069 
 1099
 1101
 1116
 1157
 1158
 1159
 1176
 1190
 1200
 1201
 1202
 1203
 1215
 1222
 1289
 1299
 1299
 1365
 1366
 1367
 1368
 1369
 1473
 1474
 1475
 1476
 1477
 1478
 1479
 1480
 1481
 1482
 1483
 1484
 1485
 1486
 1487
 1488
 1489
 1490
 1491
 1492
 1493
 1494
 1495
 1496
 1497
 1498
 1499
 1500
 1501
 1502
 1503
 1504
 1505
 1506
 1507
 1508
 1509
 1510
 1511
 1512
 1513
 1514
 1515
 1516
 1517
 1518
 1552
 1553
 1564
 1573
 1578
 1622
 1697
 1698
 1774
 1857
 1907
 1908
 1909
 1955
 1965
 1972
 1973
 1974
 1975
 1976
 1977
 1978
 1979
 1980
 1981
 1982
 1983
 1984
 1985
 1986
 1987
 1988
 1989
 1990
 1991
 1992
 1993
 1994
 1995
 1996
 1997
 1998
 1999
 2000
 2001
 2002
 2003
 2004
 2005
 2006
 2007
 2008
 2009
 2010
 2011
 2012
 2013
 2016
 2074
 2118
 2126
 2182
 2194
 2273
 2301
 2302
 2303
 2304
 2305
 2306
 2307
 2308
 2309
 2329
 2385
 2386
 2387
 2388
 2400
 2401
 2402
 2412
 2430
 2431
 2432
 2433
 2434
 2435
 2436
 2496
 2535
 2577
 2605
 2606
 2607
 2608
 2609
 2621
 2633 
 2634
 2635
 2653
 2678
 2679
 2693
 2694
 2706
 2812
 2813
 2828
 2829
 2830
 2831
 2832
 2833
 2834
 2835
 2836
 2837
 2838
 2839
 2861
 2862
 2884
 2926
 2927
 2928
 2929
 2930
 2931
 2932
 2933
 2943
 2944
 2945
 2975
 3000
 3001
 3002
 3003
 3004
 3186
 3204
 3205
 3206
 3207
 3208
 3209
 3210
 3211
 3212
 3213
 3214
 3215
 3216
 3217
 3218
 3219
 3220
 3221
 3644
 3645
 3920
 3921
 3922
 3949
 3950
 3951
 3952
 3953
 3954
 3955
 3956
 3957
 3958
 3959
 3960
 3961
 3962
 3963
 3964
 3965
 3966
 3967
 4056
 4057
 4058 
 4074
 4519
 4520
 4646
 4647
 4648
 4649
 4650
 4651
 4652
 4653
 4654
 4655
 4656
 4657
 4658
 4659
 4660
 4661
 4662
 4663
 4664
 4665
 4666
 4667
 4668
 4669
 4670
 4671
 4672
 4673
 4674
 4675
 4676
 4677
 4678
 4679
 4680
 4681
 4682
 4683
 4684
 4685
 4952
 4990
 4991
 5116
 5117
 5128
 5129
 5397
 5398
 5852
 5962
 5963
 5964
 6393
 6394
 6589
 6590
 6591
 6649
 6650
 6651
 6652
 6653
 6654
 6655
 6656
 6657
 6658
 6659
 6660
 6661
 6662
 6663
 6664
 6665
 6666
 6667
 6668
 6669
 6670
 6671
 6672
 6673
 6674
 6675
 6676
 6677
 6678
 6679
 6680
 6681
 6682
 6683
 6684
 6685
 6686
 6687
 6688
 6831
 6832
 7022
 7023
 7033
 7254
 7255
 7693
 8147
 8391
 8450
 8460
 8601
 8865
 9070
 9098
 9099
 9391
 9392
 9515
 9909
 9960
10423
10862
10876
10877
10878
10879
10880
11307
11321
11322
11323
11761
11840
12204
12565
12566
12653
12721
13048
13112
13113
13545
13573
13574
13721
13878
13879
13911
13912
13969
13970
14057
14072
14393
14917
15128
15283
15432
15433
15707
16147
16383
16458
16490
16570
17011
17461
17596
17918
18103
18206
18207
18208
18209
18210
18211
18212
18213
18214
18342
18400
18401
18406
18412
18825
19219
19220
19221
19222
19223
19306
19685
20139
20577
21045
21484
22393
22832
23271
23402
23904
24087
24119
24187
24221
24220
24616
24745
25055
25093
25146
25147
25148
25453
25477
25552
25553
25554
25574
25670
25671
25691
25930
26427
26719
26720
26729
26730
26731
26735
26737
26739
26740
26745
26751
26775
26779
26781
26808
27261
27321
27448
27702
27713
28214
28459
28609
28733
28790
28791
29018
29048
29101
29713
29881
29951
29969
30056
30279
30349
30377
30427
30844
31283
31417
31418
31481
31709
31710
31736
32190
32191
32411
32584
32631
33040
33354
33523
33622
33729
33757
33947
34124
34249
34271
34548
34912
35064
35190
35191
35307
35446
35744
35897
36311
36338
36649
36792
37033
37044
37088
37310
37311
37542
38067
38068